5 x x 1 7 4  1 2 7 5 4
6 o x 5 7 3  1 5 4 7 8 3
6 x x 7 2 6  7 1 2 5 6 3
6 x x 7 2 6  7 1 2 5 6 3
6 x O 2 8 5 7 2 9 8 3 5
8 o x 4 5 9 1  7 4 2 5 6 9 8 1
6 x O 2 3 1 7 2 5 3 9 1
7 x x 7 5 2 3  7 1 5 9 2 4 3
5 o O 5 1 9  5 4 1 3 9
5 x x 2 5 8  2 1 5 7 8
6 o x 9 7 8  5 9 1 7 2 8
5 x x 9 6 3  9 5 6 1 3
6 o x 1 4 7  2 1 9 4 8 7
5 x x 3 5 7  3 9 5 2 7
5 o O 2 5 8  2 1 5 4 8
9 x x 1 7 6 2 3  1 5 7 4 6 9 2 8 3
9 o O 2 5 4 9 1  2 3 5 8 4 7 9 6 1
5 x x 2 1 3  2 5 1 7 3
5 o O 2 5 8  2 6 5 3 8
6 o x 5 4 6  2 5 8 4 1 6
5 o O 2 5 8  2 3 5 6 8
7 o 0 2 5 8 3 7 4 9
0 x x  
